MAE: 0.7759590148925781
RMSE: 0.8751821161050789
MAPE: 0.021911612262549597
Time Lapsed Time Lapsed = 0:4:9.841919422149658
