MAE: 0.40108184814453124
RMSE: 0.4499805742183194
MAPE: 0.04294350469256982
