MAE: 0.8263084411621093
RMSE: 1.04003071980729
MAPE: 0.024426284413846682
