MAE: 0.3476927621023996
RMSE: 0.4354219124032271
MAPE: 0.00983327872846094
Time Lapsed Time Lapsed = 0:15:11.411036014556885
