MAE: 0.6322700500488281
RMSE: 0.7511910744674772
MAPE: 0.017813860954892416
Time Lapsed Time Lapsed = 0:10:56.886698484420776
