MAE: 0.49069322858537945
RMSE: 0.5774278444268294
MAPE: 0.013984440123520517
Time Lapsed Time Lapsed = 0:7:48.61837363243103
