MAE: 0.4059203011648996
RMSE: 0.4650096487934881
MAPE: 0.01120855723843027
Time Lapsed Time Lapsed = 0:2:50.21211075782776
