MAE: 0.28745555877685547
RMSE: 0.32119998496482566
MAPE: 0.028929327880368803
