MAE: 0.6075714111328125
RMSE: 0.7443344733662183
MAPE: 0.018066331728666042
