MAE: 0.17489290237426758
RMSE: 0.19009944032578646
MAPE: 0.016782208804212342
