MAE: 0.9969272613525391
RMSE: 1.0208726923173104
MAPE: 0.028941682984260992
